 23737.4299      -65.932921      
   23133.9257      -66.480534    
   22530.4214      -66.957493      
   21926.9846      -67.348987      
   21323.4803      -67.640990      
   20719.9760      -67.805082      
   20116.4718      -67.820256      
   19512.9675      -67.657984      
   18909.4632      -67.284128      
   18305.9589      -66.656172      
   17702.5221      -65.723964      
   17099.0179      -64.427437      
   16495.5136      -62.691969       
   15892.0093      -60.426586       
   15288.5050      -57.519426       
   14685.0008      -53.837766       
   14081.4965      -49.213077       
   13478.0597      -43.429273       
   12874.5554      -36.223147       
   12271.0512      -27.258529       
   11667.5469      -16.104560 
